0.0196078 0.352941 0.00439011
0.0392157 0.352941 0.00860462
0.0588235 0.352941 0.0126435
0.0784314 0.352941 0.0165068
0.0980392 0.352941 0.0201945
0.117647 0.352941 0.0237066
0.137255 0.352941 0.0270431
0.156863 0.352941 0.030204
0.176471 0.352941 0.0331893
0.196078 0.352941 0.0359989
0.215686 0.352941 0.038633
0.235294 0.352941 0.0410915
0.254902 0.352941 0.0433743
0.27451 0.352941 0.0454816
0.294118 0.352941 0.0474132
0.313725 0.352941 0.0491693
0.333333 0.352941 0.0507497
0.352941 0.352941 0.0521545
0.372549 0.352941 0.0533838
0.392157 0.352941 0.0544374
0.411765 0.352941 0.0553154
0.431373 0.352941 0.0560178
0.45098 0.352941 0.0565447
0.470588 0.352941 0.0568959
0.490196 0.352941 0.0570715
0.509804 0.352941 0.0570715
0.529412 0.352941 0.0568959
0.54902 0.352941 0.0565447
0.568627 0.352941 0.0560178
0.588235 0.352941 0.0553154
0.607843 0.352941 0.0544374
0.627451 0.352941 0.0533838
0.647059 0.352941 0.0521545
0.666667 0.352941 0.0507497
0.686275 0.352941 0.0491693
0.705882 0.352941 0.0474132
0.72549 0.352941 0.0454816
0.745098 0.352941 0.0433743
0.764706 0.352941 0.0410915
0.784314 0.352941 0.038633
0.803922 0.352941 0.0359989
0.823529 0.352941 0.0331893
0.843137 0.352941 0.030204
0.862745 0.352941 0.0270431
0.882353 0.352941 0.0237066
0.901961 0.352941 0.0201945
0.921569 0.352941 0.0165068
0.941176 0.352941 0.0126435
0.960784 0.352941 0.00860462
0.980392 0.352941 0.00439011
0.0196078 0.372549 0.00449358
0.0392157 0.372549 0.00880742
0.0588235 0.372549 0.0129415
0.0784314 0.372549 0.0168959
0.0980392 0.372549 0.0206705
0.117647 0.372549 0.0242654
0.137255 0.372549 0.0276805
0.156863 0.372549 0.0309159
0.176471 0.372549 0.0339715
0.196078 0.372549 0.0368474
0.215686 0.372549 0.0395435
0.235294 0.372549 0.0420599
0.254902 0.372549 0.0443966
0.27451 0.372549 0.0465535
0.294118 0.372549 0.0485307
0.313725 0.372549 0.0503281
0.333333 0.372549 0.0519458
0.352941 0.372549 0.0533838
0.372549 0.372549 0.054642
0.392157 0.372549 0.0557204
0.411765 0.372549 0.0566192
0.431373 0.372549 0.0573381
0.45098 0.372549 0.0578774
0.470588 0.372549 0.0582369
0.490196 0.372549 0.0584166
0.509804 0.372549 0.0584166
0.529412 0.372549 0.0582369
0.54902 0.372549 0.0578774
0.568627 0.372549 0.0573381
0.588235 0.372549 0.0566192
0.607843 0.372549 0.0557204
0.627451 0.372549 0.054642
0.647059 0.372549 0.0533838
0.666667 0.372549 0.0519458
0.686275 0.372549 0.0503281
0.705882 0.372549 0.0485307
0.72549 0.372549 0.0465535
0.745098 0.372549 0.0443966
0.764706 0.372549 0.0420599
0.784314 0.372549 0.0395435
0.803922 0.372549 0.0368474
0.823529 0.372549 0.0339715
0.843137 0.372549 0.0309159
0.862745 0.372549 0.0276805
0.882353 0.372549 0.0242654
0.901961 0.372549 0.0206705
0.921569 0.372549 0.0168959
0.941176 0.372549 0.0129415
0.960784 0.372549 0.00880742
0.980392 0.372549 0.00449358
0.0196078 0.392157 0.00458227
0.0392157 0.392157 0.00898126
0.0588235 0.392157 0.0131969
0.0784314 0.392157 0.0172293
0.0980392 0.392157 0.0210785
0.117647 0.392157 0.0247443
0.137255 0.392157 0.0282268
0.156863 0.392157 0.031526
0.176471 0.392157 0.034642
0.196078 0.392157 0.0375746
0.215686 0.392157 0.040324
0.235294 0.392157 0.0428901
0.254902 0.392157 0.0452729
0.27451 0.392157 0.0474724
0.294118 0.392157 0.0494886
0.313725 0.392157 0.0513215
0.333333 0.392157 0.0529711
0.352941 0.392157 0.0544374
0.372549 0.392157 0.0557204
0.392157 0.392157 0.0568202
0.411765 0.392157 0.0577366
0.431373 0.392157 0.0584698
0.45098 0.392157 0.0590197
0.470588 0.392157 0.0593863
0.490196 0.392157 0.0595696
0.509804 0.392157 0.0595696
0.529412 0.392157 0.0593863
0.54902 0.392157 0.0590197
0.568627 0.392157 0.0584698
0.588235 0.392157 0.0577366
0.607843 0.392157 0.0568202
0.627451 0.392157 0.0557204
0.647059 0.392157 0.0544374
0.666667 0.392157 0.0529711
0.686275 0.392157 0.0513215
0.705882 0.392157 0.0494886
0.72549 0.392157 0.0474724
0.745098 0.392157 0.0452729
0.764706 0.392157 0.0428901
0.784314 0.392157 0.040324
0.803922 0.392157 0.0375746
0.823529 0.392157 0.034642
0.843137 0.392157 0.031526
0.862745 0.392157 0.0282268
0.882353 0.392157 0.0247443
0.901961 0.392157 0.0210785
0.921569 0.392157 0.0172293
0.941176 0.392157 0.0131969
0.960784 0.392157 0.00898126
0.980392 0.392157 0.00458227
0.0196078 0.411765 0.00465618
0.0392157 0.411765 0.00912611
0.0588235 0.411765 0.0134098
0.0784314 0.411765 0.0175072
0.0980392 0.411765 0.0214184
0.117647 0.411765 0.0251434
0.137255 0.411765 0.0286821
0.156863 0.411765 0.0320345
0.176471 0.411765 0.0352007
0.196078 0.411765 0.0381807
0.215686 0.411765 0.0409744
0.235294 0.411765 0.0435819
0.254902 0.411765 0.0460031
0.27451 0.411765 0.048238
0.294118 0.411765 0.0502868
0.313725 0.411765 0.0521492
0.333333 0.411765 0.0538255
0.352941 0.411765 0.0553154
0.372549 0.411765 0.0566192
0.392157 0.411765 0.0577366
0.411765 0.411765 0.0586679
0.431373 0.411765 0.0594129
0.45098 0.411765 0.0599716
0.470588 0.411765 0.0603441
0.490196 0.411765 0.0605304
0.509804 0.411765 0.0605304
0.529412 0.411765 0.0603441
0.54902 0.411765 0.0599716
0.568627 0.411765 0.0594129
0.588235 0.411765 0.0586679
0.607843 0.411765 0.0577366
0.627451 0.411765 0.0566192
0.647059 0.411765 0.0553154
0.666667 0.411765 0.0538255
0.686275 0.411765 0.0521492
0.705882 0.411765 0.0502868
0.72549 0.411765 0.048238
0.745098 0.411765 0.0460031
0.764706 0.411765 0.0435819
0.784314 0.411765 0.0409744
0.803922 0.411765 0.0381807
0.823529 0.411765 0.0352007
0.843137 0.411765 0.0320345
0.862745 0.411765 0.0286821
0.882353 0.411765 0.0251434
0.901961 0.411765 0.0214184
0.921569 0.411765 0.0175072
0.941176 0.411765 0.0134098
0.960784 0.411765 0.00912611
0.980392 0.411765 0.00465618
0.0196078 0.431373 0.00471531
0.0392157 0.431373 0.009242
0.0588235 0.431373 0.0135801
0.0784314 0.431373 0.0177296
0.0980392 0.431373 0.0216904
0.117647 0.431373 0.0254627
0.137255 0.431373 0.0290463
0.156863 0.431373 0.0324413
0.176471 0.431373 0.0356477
0.196078 0.431373 0.0386655
0.215686 0.431373 0.0414947
0.235294 0.431373 0.0441353
0.254902 0.431373 0.0465872
0.27451 0.431373 0.0488506
0.294118 0.431373 0.0509253
0.313725 0.431373 0.0528114
0.333333 0.431373 0.0545089
0.352941 0.431373 0.0560178
0.372549 0.431373 0.0573381
0.392157 0.431373 0.0584698
0.411765 0.431373 0.0594129
0.431373 0.431373 0.0601673
0.45098 0.431373 0.0607332
0.470588 0.431373 0.0611104
0.490196 0.431373 0.061299
0.509804 0.431373 0.061299
0.529412 0.431373 0.0611104
0.54902 0.431373 0.0607332
0.568627 0.431373 0.0601673
0.588235 0.431373 0.0594129
0.607843 0.431373 0.0584698
0.627451 0.431373 0.0573381
0.647059 0.431373 0.0560178
0.666667 0.431373 0.0545089
0.686275 0.431373 0.0528114
0.705882 0.431373 0.0509253
0.72549 0.431373 0.0488506
0.745098 0.431373 0.0465872
0.764706 0.431373 0.0441353
0.784314 0.431373 0.0414947
0.803922 0.431373 0.0386655
0.823529 0.431373 0.0356477
0.843137 0.431373 0.0324413
0.862745 0.431373 0.0290463
0.882353 0.431373 0.0254627
0.901961 0.431373 0.0216904
0.921569 0.431373 0.0177296
0.941176 0.431373 0.0135801
0.960784 0.431373 0.009242
0.980392 0.431373 0.00471531
0.0196078 0.45098 0.00475965
0.0392157 0.45098 0.00932892
0.0588235 0.45098 0.0137078
0.0784314 0.45098 0.0178963
0.0980392 0.45098 0.0218944
0.117647 0.45098 0.0257021
0.137255 0.45098 0.0293195
0.156863 0.45098 0.0327464
0.176471 0.45098 0.035983
0.196078 0.45098 0.0390291
0.215686 0.45098 0.0418849
0.235294 0.45098 0.0445503
0.254902 0.45098 0.0470254
0.27451 0.45098 0.04931
0.294118 0.45098 0.0514042
0.313725 0.45098 0.0533081
0.333333 0.45098 0.0550216
0.352941 0.45098 0.0565447
0.372549 0.45098 0.0578774
0.392157 0.45098 0.0590197
0.411765 0.45098 0.0599716
0.431373 0.45098 0.0607332
0.45098 0.45098 0.0613043
0.470588 0.45098 0.0616851
0.490196 0.45098 0.0618755
0.509804 0.45098 0.0618755
0.529412 0.45098 0.0616851
0.54902 0.45098 0.0613043
0.568627 0.45098 0.0607332
0.588235 0.45098 0.0599716
0.607843 0.45098 0.0590197
0.627451 0.45098 0.0578774
0.647059 0.45098 0.0565447
0.666667 0.45098 0.0550216
0.686275 0.45098 0.0533081
0.705882 0.45098 0.0514042
0.72549 0.45098 0.04931
0.745098 0.45098 0.0470254
0.764706 0.45098 0.0445503
0.784314 0.45098 0.0418849
0.803922 0.45098 0.0390291
0.823529 0.45098 0.035983
0.843137 0.45098 0.0327464
0.862745 0.45098 0.0293195
0.882353 0.45098 0.0257021
0.901961 0.45098 0.0218944
0.921569 0.45098 0.0178963
0.941176 0.45098 0.0137078
0.960784 0.45098 0.00932892
0.980392 0.45098 0.00475965
0.0196078 0.470588 0.00478921
0.0392157 0.470588 0.00938686
0.0588235 0.470588 0.0137929
0.0784314 0.470588 0.0180074
0.0980392 0.470588 0.0220304
0.117647 0.470588 0.0258618
0.137255 0.470588 0.0295016
0.156863 0.470588 0.0329498
0.176471 0.470588 0.0362065
0.196078 0.470588 0.0392716
0.215686 0.470588 0.0421451
0.235294 0.470588 0.044827
0.254902 0.470588 0.0473174
0.27451 0.470588 0.0496163
0.294118 0.470588 0.0517235
0.313725 0.470588 0.0536392
0.333333 0.470588 0.0553633
0.352941 0.470588 0.0568959
0.372549 0.470588 0.0582369
0.392157 0.470588 0.0593863
0.411765 0.470588 0.0603441
0.431373 0.470588 0.0611104
0.45098 0.470588 0.0616851
0.470588 0.470588 0.0620682
0.490196 0.470588 0.0622598
0.509804 0.470588 0.0622598
0.529412 0.470588 0.0620682
0.54902 0.470588 0.0616851
0.568627 0.470588 0.0611104
0.588235 0.470588 0.0603441
0.607843 0.470588 0.0593863
0.627451 0.470588 0.0582369
0.647059 0.470588 0.0568959
0.666667 0.470588 0.0553633
0.686275 0.470588 0.0536392
0.705882 0.470588 0.0517235
0.72549 0.470588 0.0496163
0.745098 0.470588 0.0473174
0.764706 0.470588 0.044827
0.784314 0.470588 0.0421451
0.803922 0.470588 0.0392716
0.823529 0.470588 0.0362065
0.843137 0.470588 0.0329498
0.862745 0.470588 0.0295016
0.882353 0.470588 0.0258618
0.901961 0.470588 0.0220304
0.921569 0.470588 0.0180074
0.941176 0.470588 0.0137929
0.960784 0.470588 0.00938686
0.980392 0.470588 0.00478921
0.0196078 0.490196 0.004804
0.0392157 0.490196 0.00941583
0.0588235 0.490196 0.0138355
0.0784314 0.490196 0.018063
0.0980392 0.490196 0.0220984
0.117647 0.490196 0.0259416
0.137255 0.490196 0.0295926
0.156863 0.490196 0.0330515
0.176471 0.490196 0.0363182
0.196078 0.490196 0.0393928
0.215686 0.490196 0.0422752
0.235294 0.490196 0.0449654
0.254902 0.490196 0.0474635
0.27451 0.490196 0.0497694
0.294118 0.490196 0.0518832
0.313725 0.490196 0.0538048
0.333333 0.490196 0.0555342
0.352941 0.490196 0.0570715
0.372549 0.490196 0.0584166
0.392157 0.490196 0.0595696
0.411765 0.490196 0.0605304
0.431373 0.490196 0.061299
0.45098 0.490196 0.0618755
0.470588 0.490196 0.0622598
0.490196 0.490196 0.062452
0.509804 0.490196 0.062452
0.529412 0.490196 0.0622598
0.54902 0.490196 0.0618755
0.568627 0.490196 0.061299
0.588235 0.490196 0.0605304
0.607843 0.490196 0.0595696
0.627451 0.490196 0.0584166
0.647059 0.490196 0.0570715
0.666667 0.490196 0.0555342
0.686275 0.490196 0.0538048
0.705882 0.490196 0.0518832
0.72549 0.490196 0.0497694
0.745098 0.490196 0.0474635
0.764706 0.490196 0.0449654
0.784314 0.490196 0.0422752
0.803922 0.490196 0.0393928
0.823529 0.490196 0.0363182
0.843137 0.490196 0.0330515
0.862745 0.490196 0.0295926
0.882353 0.490196 0.0259416
0.901961 0.490196 0.0220984
0.921569 0.490196 0.018063
0.941176 0.490196 0.0138355
0.960784 0.490196 0.00941583
0.980392 0.490196 0.004804
0.0196078 0.509804 0.004804
0.0392157 0.509804 0.00941583
0.0588235 0.509804 0.0138355
0.0784314 0.509804 0.018063
0.0980392 0.509804 0.0220984
0.117647 0.509804 0.0259416
0.137255 0.509804 0.0295926
0.156863 0.509804 0.0330515
0.176471 0.509804 0.0363182
0.196078 0.509804 0.0393928
0.215686 0.509804 0.0422752
0.235294 0.509804 0.0449654
0.254902 0.509804 0.0474635
0.27451 0.509804 0.0497694
0.294118 0.509804 0.0518832
0.313725 0.509804 0.0538048
0.333333 0.509804 0.0555342
0.352941 0.509804 0.0570715
0.372549 0.509804 0.0584166
0.392157 0.509804 0.0595696
0.411765 0.509804 0.0605304
0.431373 0.509804 0.061299
0.45098 0.509804 0.0618755
0.470588 0.509804 0.0622598
0.490196 0.509804 0.062452
0.509804 0.509804 0.062452
0.529412 0.509804 0.0622598
0.54902 0.509804 0.0618755
0.568627 0.509804 0.061299
0.588235 0.509804 0.0605304
0.607843 0.509804 0.0595696
0.627451 0.509804 0.0584166
0.647059 0.509804 0.0570715
0.666667 0.509804 0.0555342
0.686275 0.509804 0.0538048
0.705882 0.509804 0.0518832
0.72549 0.509804 0.0497694
0.745098 0.509804 0.0474635
0.764706 0.509804 0.0449654
0.784314 0.509804 0.0422752
0.803922 0.509804 0.0393928
0.823529 0.509804 0.0363182
0.843137 0.509804 0.0330515
0.862745 0.509804 0.0295926
0.882353 0.509804 0.0259416
0.901961 0.509804 0.0220984
0.921569 0.509804 0.018063
0.941176 0.509804 0.0138355
0.960784 0.509804 0.00941583
0.980392 0.509804 0.004804
0.0196078 0.529412 0.00478921
0.0392157 0.529412 0.00938686
0.0588235 0.529412 0.0137929
0.0784314 0.529412 0.0180074
0.0980392 0.529412 0.0220304
0.117647 0.529412 0.0258618
0.137255 0.529412 0.0295016
0.156863 0.529412 0.0329498
0.176471 0.529412 0.0362065
0.196078 0.529412 0.0392716
0.215686 0.529412 0.0421451
0.235294 0.529412 0.044827
0.254902 0.529412 0.0473174
0.27451 0.529412 0.0496163
0.294118 0.529412 0.0517235
0.313725 0.529412 0.0536392
0.333333 0.529412 0.0553633
0.352941 0.529412 0.0568959
0.372549 0.529412 0.0582369
0.392157 0.529412 0.0593863
0.411765 0.529412 0.0603441
0.431373 0.529412 0.0611104
0.45098 0.529412 0.0616851
0.470588 0.529412 0.0620682
0.490196 0.529412 0.0622598
0.509804 0.529412 0.0622598
0.529412 0.529412 0.0620682
0.54902 0.529412 0.0616851
0.568627 0.529412 0.0611104
0.588235 0.529412 0.0603441
0.607843 0.529412 0.0593863
0.627451 0.529412 0.0582369
0.647059 0.529412 0.0568959
0.666667 0.529412 0.0553633
0.686275 0.529412 0.0536392
0.705882 0.529412 0.0517235
0.72549 0.529412 0.0496163
0.745098 0.529412 0.0473174
0.764706 0.529412 0.044827
0.784314 0.529412 0.0421451
0.803922 0.529412 0.0392716
0.823529 0.529412 0.0362065
0.843137 0.529412 0.0329498
0.862745 0.529412 0.0295016
0.882353 0.529412 0.0258618
0.901961 0.529412 0.0220304
0.921569 0.529412 0.0180074
0.941176 0.529412 0.0137929
0.960784 0.529412 0.00938686
0.980392 0.529412 0.00478921
0.0196078 0.54902 0.00475965
0.0392157 0.54902 0.00932892
0.0588235 0.54902 0.0137078
0.0784314 0.54902 0.0178963
0.0980392 0.54902 0.0218944
0.117647 0.54902 0.0257021
0.137255 0.54902 0.0293195
0.156863 0.54902 0.0327464
0.176471 0.54902 0.035983
0.196078 0.54902 0.0390291
0.215686 0.54902 0.0418849
0.235294 0.54902 0.0445503
0.254902 0.54902 0.0470254
0.27451 0.54902 0.04931
0.294118 0.54902 0.0514042
0.313725 0.54902 0.0533081
0.333333 0.54902 0.0550216
0.352941 0.54902 0.0565447
0.372549 0.54902 0.0578774
0.392157 0.54902 0.0590197
0.411765 0.54902 0.0599716
0.431373 0.54902 0.0607332
0.45098 0.54902 0.0613043
0.470588 0.54902 0.0616851
0.490196 0.54902 0.0618755
0.509804 0.54902 0.0618755
0.529412 0.54902 0.0616851
0.54902 0.54902 0.0613043
0.568627 0.54902 0.0607332
0.588235 0.54902 0.0599716
0.607843 0.54902 0.0590197
0.627451 0.54902 0.0578774
0.647059 0.54902 0.0565447
0.666667 0.54902 0.0550216
0.686275 0.54902 0.0533081
0.705882 0.54902 0.0514042
0.72549 0.54902 0.04931
0.745098 0.54902 0.0470254
0.764706 0.54902 0.0445503
0.784314 0.54902 0.0418849
0.803922 0.54902 0.0390291
0.823529 0.54902 0.035983
0.843137 0.54902 0.0327464
0.862745 0.54902 0.0293195
0.882353 0.54902 0.0257021
0.901961 0.54902 0.0218944
0.921569 0.54902 0.0178963
0.941176 0.54902 0.0137078
0.960784 0.54902 0.00932892
0.980392 0.54902 0.00475965
0.0196078 0.568627 0.00471531
0.0392157 0.568627 0.009242
0.0588235 0.568627 0.0135801
0.0784314 0.568627 0.0177296
0.0980392 0.568627 0.0216904
0.117647 0.568627 0.0254627
0.137255 0.568627 0.0290463
0.156863 0.568627 0.0324413
0.176471 0.568627 0.0356477
0.196078 0.568627 0.0386655
0.215686 0.568627 0.0414947
0.235294 0.568627 0.0441353
0.254902 0.568627 0.0465872
0.27451 0.568627 0.0488506
0.294118 0.568627 0.0509253
0.313725 0.568627 0.0528114
0.333333 0.568627 0.0545089
0.352941 0.568627 0.0560178
0.372549 0.568627 0.0573381
0.392157 0.568627 0.0584698
0.411765 0.568627 0.0594129
0.431373 0.568627 0.0601673
0.45098 0.568627 0.0607332
0.470588 0.568627 0.0611104
0.490196 0.568627 0.061299
0.509804 0.568627 0.061299
0.529412 0.568627 0.0611104
0.54902 0.568627 0.0607332
0.568627 0.568627 0.0601673
0.588235 0.568627 0.0594129
0.607843 0.568627 0.0584698
0.627451 0.568627 0.0573381
0.647059 0.568627 0.0560178
0.666667 0.568627 0.0545089
0.686275 0.568627 0.0528114
0.705882 0.568627 0.0509253
0.72549 0.568627 0.0488506
0.745098 0.568627 0.0465872
0.764706 0.568627 0.0441353
0.784314 0.568627 0.0414947
0.803922 0.568627 0.0386655
0.823529 0.568627 0.0356477
0.843137 0.568627 0.0324413
0.862745 0.568627 0.0290463
0.882353 0.568627 0.0254627
0.901961 0.568627 0.0216904
0.921569 0.568627 0.0177296
0.941176 0.568627 0.0135801
0.960784 0.568627 0.009242
0.980392 0.568627 0.00471531
0.0196078 0.588235 0.00465618
0.0392157 0.588235 0.00912611
0.0588235 0.588235 0.0134098
0.0784314 0.588235 0.0175072
0.0980392 0.588235 0.0214184
0.117647 0.588235 0.0251434
0.137255 0.588235 0.0286821
0.156863 0.588235 0.0320345
0.176471 0.588235 0.0352007
0.196078 0.588235 0.0381807
0.215686 0.588235 0.0409744
0.235294 0.588235 0.0435819
0.254902 0.588235 0.0460031
0.27451 0.588235 0.048238
0.294118 0.588235 0.0502868
0.313725 0.588235 0.0521492
0.333333 0.588235 0.0538255
0.352941 0.588235 0.0553154
0.372549 0.588235 0.0566192
0.392157 0.588235 0.0577366
0.411765 0.588235 0.0586679
0.431373 0.588235 0.0594129
0.45098 0.588235 0.0599716
0.470588 0.588235 0.0603441
0.490196 0.588235 0.0605304
0.509804 0.588235 0.0605304
0.529412 0.588235 0.0603441
0.54902 0.588235 0.0599716
0.568627 0.588235 0.0594129
0.588235 0.588235 0.0586679
0.607843 0.588235 0.0577366
0.627451 0.588235 0.0566192
0.647059 0.588235 0.0553154
0.666667 0.588235 0.0538255
0.686275 0.588235 0.0521492
0.705882 0.588235 0.0502868
0.72549 0.588235 0.048238
0.745098 0.588235 0.0460031
0.764706 0.588235 0.0435819
0.784314 0.588235 0.0409744
0.803922 0.588235 0.0381807
0.823529 0.588235 0.0352007
0.843137 0.588235 0.0320345
0.862745 0.588235 0.0286821
0.882353 0.588235 0.0251434
0.901961 0.588235 0.0214184
0.921569 0.588235 0.0175072
0.941176 0.588235 0.0134098
0.960784 0.588235 0.00912611
0.980392 0.588235 0.00465618
0.0196078 0.607843 0.00458227
0.0392157 0.607843 0.00898126
0.0588235 0.607843 0.0131969
0.0784314 0.607843 0.0172293
0.0980392 0.607843 0.0210785
0.117647 0.607843 0.0247443
0.137255 0.607843 0.0282268
0.156863 0.607843 0.031526
0.176471 0.607843 0.034642
0.196078 0.607843 0.0375746
0.215686 0.607843 0.040324
0.235294 0.607843 0.0428901
0.254902 0.607843 0.0452729
0.27451 0.607843 0.0474724
0.294118 0.607843 0.0494886
0.313725 0.607843 0.0513215
0.333333 0.607843 0.0529711
0.352941 0.607843 0.0544374
0.372549 0.607843 0.0557204
0.392157 0.607843 0.0568202
0.411765 0.607843 0.0577366
0.431373 0.607843 0.0584698
0.45098 0.607843 0.0590197
0.470588 0.607843 0.0593863
0.490196 0.607843 0.0595696
0.509804 0.607843 0.0595696
0.529412 0.607843 0.0593863
0.54902 0.607843 0.0590197
0.568627 0.607843 0.0584698
0.588235 0.607843 0.0577366
0.607843 0.607843 0.0568202
0.627451 0.607843 0.0557204
0.647059 0.607843 0.0544374
0.666667 0.607843 0.0529711
0.686275 0.607843 0.0513215
0.705882 0.607843 0.0494886
0.72549 0.607843 0.0474724
0.745098 0.607843 0.0452729
0.764706 0.607843 0.0428901
0.784314 0.607843 0.040324
0.803922 0.607843 0.0375746
0.823529 0.607843 0.034642
0.843137 0.607843 0.031526
0.862745 0.607843 0.0282268
0.882353 0.607843 0.0247443
0.901961 0.607843 0.0210785
0.921569 0.607843 0.0172293
0.941176 0.607843 0.0131969
0.960784 0.607843 0.00898126
0.980392 0.607843 0.00458227
0.0196078 0.627451 0.00449358
0.0392157 0.627451 0.00880742
0.0588235 0.627451 0.0129415
0.0784314 0.627451 0.0168959
0.0980392 0.627451 0.0206705
0.117647 0.627451 0.0242654
0.137255 0.627451 0.0276805
0.156863 0.627451 0.0309159
0.176471 0.627451 0.0339715
0.196078 0.627451 0.0368474
0.215686 0.627451 0.0395435
0.235294 0.627451 0.0420599
0.254902 0.627451 0.0443966
0.27451 0.627451 0.0465535
0.294118 0.627451 0.0485307
0.313725 0.627451 0.0503281
0.333333 0.627451 0.0519458
0.352941 0.627451 0.0533838
0.372549 0.627451 0.054642
0.392157 0.627451 0.0557204
0.411765 0.627451 0.0566192
0.431373 0.627451 0.0573381
0.45098 0.627451 0.0578774
0.470588 0.627451 0.0582369
0.490196 0.627451 0.0584166
0.509804 0.627451 0.0584166
0.529412 0.627451 0.0582369
0.54902 0.627451 0.0578774
0.568627 0.627451 0.0573381
0.588235 0.627451 0.0566192
0.607843 0.627451 0.0557204
0.627451 0.627451 0.054642
0.647059 0.627451 0.0533838
0.666667 0.627451 0.0519458
0.686275 0.627451 0.0503281
0.705882 0.627451 0.0485307
0.72549 0.627451 0.0465535
0.745098 0.627451 0.0443966
0.764706 0.627451 0.0420599
0.784314 0.627451 0.0395435
0.803922 0.627451 0.0368474
0.823529 0.627451 0.0339715
0.843137 0.627451 0.0309159
0.862745 0.627451 0.0276805
0.882353 0.627451 0.0242654
0.901961 0.627451 0.0206705
0.921569 0.627451 0.0168959
0.941176 0.627451 0.0129415
0.960784 0.627451 0.00880742
0.980392 0.627451 0.00449358
0.0196078 0.647059 0.00439011
0.0392157 0.647059 0.00860462
0.0588235 0.647059 0.0126435
0.0784314 0.647059 0.0165068
0.0980392 0.647059 0.0201945
0.117647 0.647059 0.0237066
0.137255 0.647059 0.0270431
0.156863 0.647059 0.030204
0.176471 0.647059 0.0331893
0.196078 0.647059 0.0359989
0.215686 0.647059 0.038633
0.235294 0.647059 0.0410915
0.254902 0.647059 0.0433743
0.27451 0.647059 0.0454816
0.294118 0.647059 0.0474132
0.313725 0.647059 0.0491693
0.333333 0.647059 0.0507497
0.352941 0.647059 0.0521545
0.372549 0.647059 0.0533838
0.392157 0.647059 0.0544374
0.411765 0.647059 0.0553154
0.431373 0.647059 0.0560178
0.45098 0.647059 0.0565447
0.470588 0.647059 0.0568959
0.490196 0.647059 0.0570715
0.509804 0.647059 0.0570715
0.529412 0.647059 0.0568959
0.54902 0.647059 0.0565447
0.568627 0.647059 0.0560178
0.588235 0.647059 0.0553154
0.607843 0.647059 0.0544374
0.627451 0.647059 0.0533838
0.647059 0.647059 0.0521545
0.666667 0.647059 0.0507497
0.686275 0.647059 0.0491693
0.705882 0.647059 0.0474132
0.72549 0.647059 0.0454816
0.745098 0.647059 0.0433743
0.764706 0.647059 0.0410915
0.784314 0.647059 0.038633
0.803922 0.647059 0.0359989
0.823529 0.647059 0.0331893
0.843137 0.647059 0.030204
0.862745 0.647059 0.0270431
0.882353 0.647059 0.0237066
0.901961 0.647059 0.0201945
0.921569 0.647059 0.0165068
0.941176 0.647059 0.0126435
0.960784 0.647059 0.00860462
0.980392 0.647059 0.00439011
0.0196078 0.666667 0.00427186
0.0392157 0.666667 0.00837285
0.0588235 0.666667 0.012303
0.0784314 0.666667 0.0160622
0.0980392 0.666667 0.0196506
0.117647 0.666667 0.0230681
0.137255 0.666667 0.0263147
0.156863 0.666667 0.0293904
0.176471 0.666667 0.0322953
0.196078 0.666667 0.0350293
0.215686 0.666667 0.0375924
0.235294 0.666667 0.0399846
0.254902 0.666667 0.042206
0.27451 0.666667 0.0442565
0.294118 0.666667 0.0461361
0.313725 0.666667 0.0478448
0.333333 0.666667 0.0493827
0.352941 0.666667 0.0507497
0.372549 0.666667 0.0519458
0.392157 0.666667 0.0529711
0.411765 0.666667 0.0538255
0.431373 0.666667 0.0545089
0.45098 0.666667 0.0550216
0.470588 0.666667 0.0553633
0.490196 0.666667 0.0555342
0.509804 0.666667 0.0555342
0.529412 0.666667 0.0553633
0.54902 0.666667 0.0550216
0.568627 0.666667 0.0545089
0.588235 0.666667 0.0538255
0.607843 0.666667 0.0529711
0.627451 0.666667 0.0519458
0.647059 0.666667 0.0507497
0.666667 0.666667 0.0493827
0.686275 0.666667 0.0478448
0.705882 0.666667 0.0461361
0.72549 0.666667 0.0442565
0.745098 0.666667 0.042206
0.764706 0.666667 0.0399846
0.784314 0.666667 0.0375924
0.803922 0.666667 0.0350293
0.823529 0.666667 0.0322953
0.843137 0.666667 0.0293904
0.862745 0.666667 0.0263147
0.882353 0.666667 0.0230681
0.901961 0.666667 0.0196506
0.921569 0.666667 0.0160622
0.941176 0.666667 0.012303
0.960784 0.666667 0.00837285
0.980392 0.666667 0.00427186
